-0.00340828
-0.00127609
0.0
-0.000534601
-0.00449419
-0.00354827
0.000439215
0.00184584
0.000175301
-0.00341808
-0.00342156
0.000560349
0.000729693
-0.00124895
-0.00477159
-0.00510362
-0.0021507
-0.000466687
-0.000927591
-0.00405638
-0.00795764
-0.00570955
-0.00455072
-0.00484876
-0.00655582
-0.00244477
-0.00220246
-0.00323885
-0.00157997
-0.00117065
-0.00154406
-0.00242167
-0.00339174
-0.0028432
-0.00381734
-0.00254283
-0.00183237
-0.00155021
-0.00117574
-0.0013381
-0.00185325
-0.000728266
-0.000822855
-0.000813228
-0.00132139
-0.00121101
-0.00170087
-0.00105793
-0.000721076
-0.000569318
-0.000559797
-0.000523489
-0.000776392
-0.000305331
-0.000270543
-0.000223673
-0.000472569
-0.000395792
-0.000639847
-0.000323504
-0.000274036
-0.00023319
-0.00035581
-0.000200583
-0.000113768
-7.68353e-05
-0.000154138
-0.000101277
-6.93131e-05
-0.000192791
4.38167e-05
7.41368e-05
0.000109554
-2.67032e-05
2.15728e-05
6.66137e-05
0.000149967
0.000189507
0.000357413
0.000198081
0.000325147
0.000229776
0.000173996
0.000298959
0.000150747
0.000278976
0.000138174
0.000260917
-1.01353e-06
1.27329e-05
-0.000125957
-0.000248412
-0.000144706
-0.000162663
-3.21295e-05
-0.000285341
-0.000178113
-3.88432e-05
0.000115995
0.000114895
0.000244048
0.00024634
0.000107897
0.000231271
-3.85054e-05
-6.76778e-05
8.04492e-05
0.00021265
7.84913e-05
0.000213828
8.71569e-05
0.000217936
-5.60233e-05
-7.9059e-05
-0.000208659
-0.000192465
-0.000183167
-0.000308791
-0.000332891
-0.000316511
-0.000175979
-0.000304272
-0.000569694
-0.000825591
-0.000565182
-0.000541299
-0.000290408
-0.000793899
-0.00048343
-0.000236515
-0.000115154
-0.000142416
-0.000265405
2.46245e-05
-4.67959e-06
-3.58475e-05
-0.000167652
-0.000177269
-0.000305415
-3.71846e-05
0.000114727
0.000114456
0.000244269
0.000248844
0.000134423
0.000250322
0.00016195
0.000243129
0.000190597
0.000201523
0.000200453
0.000133053
0.000107046
6.16176e-05
-7.9349e-05
-0.000200175
-0.000158228
-3.40974e-05
2.70771e-05
0.000152908
-0.000103109
-3.97442e-05
9.64047e-05
0.000162011
8.47156e-05
0.00015998
5.36171e-05
-3.96073e-05
-2.47805e-05
-0.000124251
8.92127e-05
-2.6175e-05
-0.000125124
-0.000214703
-0.000213975
-0.000305715
-0.000311426
-0.000396286
-0.000239685
-0.000135013
-6.34909e-05
6.71421e-05
-0.000176984
-0.000121291
1.02831e-05
0.000104004
0.000135997
4.75286e-05
-7.93357e-05
-0.000152457
-0.000173588
-0.000256651
-7.99394e-05
3.38148e-05
6.27436e-05
-7.22421e-05
-3.7508e-05
2.61424e-05
-7.48508e-05
-0.00017282
-3.84084e-05
-0.000141043
-0.000174177
-0.000262456
-0.000445745
-0.000389411
-0.000613562
-0.000216305
-0.000327588
-0.000273734
-0.000818227
-0.00126925
-0.00065491
-0.000397331
-0.000459891
-0.0006947
-0.000627541
-0.000486852
-0.000314832
-0.000670479
-0.000558319
-0.000848915
-0.000712889
-0.00128927
-0.00124684
-0.0010703
-0.00110897
-0.000602335
-0.000548807
-0.000296789
-0.000282823
-0.000153803
-0.000205938
-0.000173412
-0.000322359
-0.000197867
-0.000236926
-0.000357045
-0.000695132
-0.000464534
-0.000596004
-0.000812683
-0.00152975
-0.00112615
-0.000762696
-0.0014944
-0.00117623
-0.00186087
-0.00158252
-0.000606726
-0.000984835
-0.000840742
-0.000906718
-0.000324565
-0.000582622
-0.000618403
-0.000870946
-0.000366421
-0.000421488
-0.000674745
-0.000930949
-0.000690794
-0.000560845
-0.000791138
-0.0004523
-0.000330075
-0.00021505
-0.000459648
-0.000676861
-0.000399848
-0.000605613
-0.000246336
-0.000579206
-0.000305085
-0.000220347
-0.00032409
-0.000146578
-6.93952e-05
1.33534e-05
-0.000176
-0.000106233
-0.000214976
-0.000158742
-3.92242e-05
-0.000272764
-0.000101444
2.79326e-05
9.19107e-05
0.000152174
0.000211396
9.0865e-05
0.000137918
0.00025921
0.000295017
0.000308862
0.000181687
0.000217512
1.05534e-05
5.33799e-05
9.38057e-05
-8.86609e-05
-4.6491e-05
-0.000121888
-4.51586e-05
-0.000168029
-0.000366688
-0.00061473
-0.000545887
-0.000296085
-0.000208866
-0.0003306
-0.000173615
-0.000242529
-0.000146752
-9.77279e-06
-0.000128681
1.10114e-05
-0.00027187
-0.000250572
-0.00050282
-0.000466169
-0.000213119
-0.000109032
-0.000235916
-8.98206e-05
4.1089e-05
5.37376e-05
0.000171728
0.00018517
0.000300834
0.000318467
0.000281359
0.000150439
0.000127728
0.000254696
0.000325092
0.000332711
0.000351007
0.000208459
0.000338947
8.26645e-05
8.33227e-05
0.000215525
0.000215745
0.000350391
8.78989e-05
0.000117297
0.000238235
0.000366286
0.000346965
0.00035075
0.000214022
0.000213996
0.000345485
0.000223759
8.23687e-05
0.000101354
8.23448e-05
0.000224171
0.000101203
0.000355394
-3.17192e-05
-4.12969e-05
-0.000172375
-0.000174325
-0.000199245
-7.18851e-05
-7.15613e-05
-4.13923e-05
-0.000198732
-0.000175213
-0.000447526
-0.000429765
-0.000429882
-0.000205488
-0.000457728
-5.66915e-05
-0.000182844
-7.40992e-05
-7.13646e-05
-0.000204769
-0.000914647
-0.000794721
-0.00068906
-0.000702795
-0.000689219
-0.000722457
-0.000666709
-0.000539129
-0.000468349
-0.000412577
-0.000222601
-0.000163468
-0.000293263
-0.000608982
-0.00035943
-0.000861115
-0.000670841
-0.000419386
-0.000994212
-0.000488449
-0.000169169
-0.000210757
-0.000462115
-0.00022989
-8.77538e-05
-0.000101632
-0.000230413
-0.000100418
5.4507e-05
5.49972e-05
5.79233e-05
-6.30764e-05
8.67288e-05
-0.000192303
-3.6504e-05
0.000105624
0.000229913
0.000210679
0.000190224
0.00033558
0.000318249
0.00036006
0.000399608
0.000578393
0.000576735
0.000318831
0.000190516
0.000318763
0.000190607
0.000190547
5.46335e-05
0.000189909
5.67153e-05
0.000318784
0.000318159
0.000576337
0.000608122
0.000354375
0.000208897
0.000332915
0.000227922
8.52111e-05
0.00010345
-6.40675e-05
-3.92534e-05
-0.000193671
-0.000169756
-0.000212599
-8.98811e-05
-0.00010153
-0.000230657
-0.000463513
-0.000113928
-1.08446e-05
-0.000145
0.000129309
0.000156466
2.58426e-05
6.15578e-05
-8.17571e-05
0.000186861
0.000216934
9.46008e-05
-4.74258e-05
-0.000205059
-0.000172576
-0.000235417
-0.000328751
-0.0001368
-0.000258611
-1.99429e-06
3.51534e-05
-0.000103149
-6.39761e-05
-0.000188857
-3.03202e-05
7.86638e-05
0.00011161
0.000164291
0.0001999
0.000233268
0.000321376
0.000357314
0.0002868
0.000131079
0.000250555
0.000465499
0.000534338
0.000605366
0.000779989
0.000851098
0.00071526
0.000403013
0.000654219
0.000252394
0.000377472
0.000278466
0.00111917
0.00121527
0.00134779
0.00167557
0.00116168
0.000760931
0.000645839
0.000585392
0.000514271
0.000811783
0.000335628
0.000265594
0.000191409
0.000436459
0.000685462
0.000388224
0.000133757
2.25813e-05
2.66603e-05
0.000157141
-0.000106222
-5.6048e-06
-7.12028e-05
7.00304e-05
0.000112532
0.000232104
0.000143848
1.23286e-05
-2.64456e-05
-0.000158386
-0.000193359
-0.000121853
-0.00024193
-0.000284456
-0.000267971
-0.000148679
-0.000149665
-6.04974e-07
5.56075e-08
-0.000146548
2.9575e-10
-0.0002781
-0.000274334
-0.000146634
0
-0.000146638
0
-0.000146638
0
-0.000274234
-0.00027421
-0.000533985
-0.000485298
-0.000427238
-0.000180023
-0.000681524
-0.000614215
-0.000364989
-0.000119566
-0.000149965
-1.7596e-05
1.93153e-05
0.000120988
0.000151363
-5.36675e-05
8.92414e-05
-0.000210159
-8.74361e-05
5.59269e-05
0.000181014
0.000211774
0.000302297
0.00024239
0.000366389
0.000273231
0.00021482
5.53559e-05
0.000181341
-8.73039e-05
-5.72538e-05
8.88008e-05
0.000116546
0.000228849
-2.74097e-05
-4.39238e-06
0.00013279
0.000155544
0.000257961
0.00012808
0.000330216
-1.65409e-05
1.98752e-05
-0.000119176
-0.00015081
-0.000216418
-9.22281e-05
-0.00024129
-0.000340656
-0.000196029
-6.80871e-05
1.87388e-05
5.75302e-05
-0.000122143
-0.000142272
-0.000252514
-0.000264488
-0.000264061
-0.000142914
-0.000412598
-0.000517233
-0.000517297
-0.000560195
-0.000309013
-0.000287326
-0.000161988
-0.000185392
-0.000334039
-0.000209871
-0.000240948
-0.00103036
-0.0010493
-0.00107846
-0.00153752
-0.00104819
-0.000532217
-0.000532217
-0.000274234
-0.000274234
-0.000532215
-0.000146638
-0.000146638
-0.000274234
0
0
-0.000146638
0
-0.000274234
-0.000146638
0
-0.000146638
0
-0.000146638
0
-0.000274234
-0.000274234
-0.000532217
-0.000274234
-0.000146638
-0.000146638
-0.000274234
0
0.000146638
0.000146638
0.000146638
0.000274234
0.000274234
0.000274234
0.000537391
0.000537391
0.000537391
0.000274234
0.000146638
0.000274234
0.000146638
0.000146638
0.000274234
0.000274234
0.000146638
0.000146638
0.000146638
0.000274234
0.000274234
0.000537391
0.000537391
0.00041296
0.00041296
0.00041296
0.000155659
0.000155659
0.000155659
0.00041296
0.000155659
0.00041296
0.000155659
1.13836e-05
1.13836e-05
0.000155659
-0.000137538
-0.000137538
-0.000137538
1.13836e-05
1.13836e-05
0.000155659
1.13836e-05
-0.000137538
-0.000137538
-0.000394153
-0.000394152
-0.000394153
-0.000913985
-0.000645466
-0.000657265
-0.00056018
-0.000394645
-0.000424642
-0.000203836
-0.00033646
-0.000394473
-0.000137538
-0.000137532
1.13836e-05
-0.000137538
1.13836e-05
0.000155659
1.13836e-05
0.000155659
-0.000137538
1.13836e-05
1.13837e-05
0.000155659
-0.000137499
-0.000138844
1.13982e-05
0.000155659
1.13659e-05
0.000155659
9.42077e-06
0.000155676
-0.000142541
-0.000130288
-0.00026356
-0.000209905
-0.000112748
-0.000153631
-3.67032e-05
-0.000262056
-0.000270059
-0.000352349
-0.000266108
-0.000117021
-0.000269679
-0.000160492
-0.000226157
-9.76637e-05
3.00893e-05
-5.03543e-05
7.92729e-05
1.05322e-06
0.000144091
0.0002519
0.000187707
0.000118339
-8.10452e-05
4.21891e-05
-0.000186174
0.000153497
9.15164e-05
0.000264168
0.00019691
0.000222104
0.000328507
0.000471726
0.000685512
0.000550834
0.000400731
0.00022163
0.000299698
0.000327314
0.000151972
0.000269987
3.56315e-05
0.000122283
9.80296e-06
-7.8157e-05
4.73381e-06
2.75327e-05
0.000155159
0.000154708
0.000133246
0.000201482
0.000260961
0.000301801
0.000413085
0.000488536
0.000537271
0.000554294
0.000537391
0.00041296
0.00041296
0.000537391
0.000274234
0.000274234
0.000146638
0.000274234
0.000146638
0.000146638
0.000274234
0.000146638
0.000146656
0.000146149
0.000274234
0.000273987
0.000303387
0.000144854
0.000274418
0.000193693
0.000474701
0.000701419
0.000662452
0.000838505
0.000790841
0.00130082
0.00127782
0.000988944
0.00132966
0.000964048
0.00131296
0.000583289
0.000824985
0.000606053
0.000765625
0.000400915
0.000472221
0.00025084
0.000695076
0.00117084
0.000842536
0.0011235
0.000522731
0.000613883
0.000779006
0.000540184
0.000910565
0.000876655
0.000660355
0.000632775
0.000888298
0.00040553
0.000380548
0.000366189
0.000622128
0.000590523
0.000848619
0.000332502
0.000332933
0.000590914
0.000850259
0.000510651
0.000594256
0.000361712
0.000125271
0.000306658
0.00019083
0.000242247
7.59455e-05
0.000142499
1.39063e-05
0.000263047
0.000464176
0.00020922
0.000230347
0.000108989
-3.14994e-05
8.1308e-05
-6.65462e-05
0.000186017
5.98876e-05
-8.5092e-05
3.80006e-05
-0.000112182
0.000179891
0.000336829
0.000594326
0.000332915
0.000764229
0.000204454
0.000204454
0.000332933
0.000204454
7.1572e-05
7.1572e-05
7.15723e-05
-8.48187e-05
-8.49183e-05
-0.000219869
-0.000222174
-0.000222749
-8.49793e-05
-8.49795e-05
7.1572e-05
-0.000222744
-0.00022238
-8.4938e-05
7.15471e-05
0.000204429
0.000204723
0.00033315
0.000208736
0.000298777
7.18416e-05
7.68064e-05
0.000171901
4.266e-05
-0.000114524
2.98893e-05
-0.000111047
-8.42919e-05
-8.36793e-05
-0.000145353
-0.000220774
-0.000242403
-0.000222658
-8.49653e-05
-0.00022241
-0.000256977
-0.000255942
-0.000137453
-0.00013586
-0.000113076
-0.000243888
-0.000229819
-0.0002001
-0.000104148
-7.08579e-05
3.71488e-05
4.45466e-05
7.61142e-05
0.000181378
0.000173216
4.32654e-06
0.000151036
3.15001e-06
0.000149348
3.86344e-05
0.000164388
3.12917e-05
0.000101049
-0.000111437
-0.000112142
-0.000242958
-0.00024294
-0.00026301
-0.000154853
-0.000313806
-0.000253767
-0.000202995
-7.91591e-05
-4.67599e-05
-0.000176618
-0.000439493
-0.000426473
-0.00043854
-0.000662782
-0.000184887
-0.000195889
-8.60543e-05
-0.000217206
-7.19587e-05
7.42069e-05
7.11176e-05
0.000204347
0.000332855
0.000204225
0.00022561
0.000103238
0.000349701
0.000237459
0.000108143
-4.78312e-05
-4.60213e-05
-0.000182919
-3.72411e-05
-0.000166194
-7.17992e-06
-0.000151666
0.000134463
0.000108525
0.000236143
0.000364951
0.000256004
0.000157135
2.55139e-05
-5.39444e-06
0.000141
-0.000143703
-0.000120302
-0.00037445
-0.000408324
-0.000663908
-0.000627993
-0.000339173
-0.000591355
-0.00022752
-0.000352792
-0.000247099
-0.000105617
-8.40189e-05
-0.000213154
-0.000191098
-0.000316461
-6.48177e-05
-4.22959e-05
-0.000173677
-0.000296976
-0.000548073
-0.000246841
-0.000497756
-0.000197319
-0.000447227
-9.83707e-05
-0.000221692
-0.000123671
-7.22768e-05
7.42158e-05
4.52144e-05
1.65343e-05
-0.000149002
-1.31156e-05
-0.00027202
0.000125931
0.000106331
0.000248511
0.000230297
0.000273834
0.000150551
0.000175285
0.000200429
0.000328846
0.000300609
0.000325467
0.000508784
0.000481
0.000194149
0.000443148
7.99122e-05
0.000207895
6.79518e-05
3.84541e-05
0.000174156
0.000701715
0.000645055
0.000516168
0.000740873
0.0006049
0.00082611
0.000383505
0.000165858
0.000294771
0.000208508
0.000274984
0.000319149
0.000100375
-2.20368e-05
5.29963e-05
-0.000140791
-7.15983e-05
-2.25116e-06
0.000124152
0.000230969
0.000180468
7.20185e-05
0.000138903
0.000248175
0.00019384
0.000309538
0.000423803
0.000355636
0.000151305
0.000208881
0.000257176
8.19639e-05
-4.1948e-05
3.28861e-05
9.52663e-05
-9.82295e-05
-3.55123e-05
-0.000211647
-0.000155161
-0.00026872
-0.000154985
-0.000221623
-0.000113666
-0.000329033
-0.000397654
-0.000284016
-0.000168752
1.50697e-05
-5.32217e-05
-0.00012569
-0.000230513
-0.000297861
-0.000183225
-0.00024781
-0.000313314
-0.000356661
-0.000516314
-0.000849343
-0.000734135
-0.000499497
-0.000615921
-0.000384247
-0.000618656
-0.000515006
-0.000271233
-0.000426575
-0.000177258
-0.000224813
-0.000108436
-0.000154843
-5.45207e-05
8.38687e-05
2.72478e-05
-3.4907e-05
-0.000211604
-9.8291e-05
-0.000326353
-0.000269082
3.21108e-05
9.55844e-05
0.000213703
0.000152252
0.000269372
0.000380613
0.000310956
0.00023309
0.000229268
0.000101564
0.000129805
0.000156537
0.000150534
5.44239e-05
2.77414e-05
-8.75637e-05
-0.000117692
-0.000144452
-1.16836e-05
-4.35594e-05
-0.000173919
-0.000390765
-0.000240577
-0.000365331
-0.000266154
-0.000215176
-0.000342585
-0.000214283
-0.000342526
-0.000258971
-0.000372539
-0.000170888
-8.59264e-05
-1.03881e-05
-0.000148078
-0.000420137
-0.000727161
-0.000617749
-0.000599729
-0.000870333
-0.000857589
-0.000951191
-0.00143386
-0.00137351
-0.001453
-0.000951997
-0.000642182
-0.000894848
-0.000699698
-0.00105307
-0.00109269
-0.00155424
-0.00108643
-0.00242188
-0.00161182
-0.00244039
-0.00344271
-0.00247901
-0.0022352
-0.00120358
-0.00327152
-0.00244469
-0.00155141
-0.000835226
-0.00129328
-0.00113881
-0.000417544
-0.000709625
-0.000481089
-0.000720384
-0.000622901
-0.000263949
-0.000175941
-0.000430972
-0.000688153
-0.000884273
-0.00132554
-0.00127392
-0.000582581
-0.000702891
-0.000522718
-0.000344182
-0.000749117
-0.000175961
-0.000240191
-6.36684e-05
-0.000302777
-0.000298569
-0.000170786
-3.33224e-05
-0.000195692
-6.59537e-05
-0.000213615
-9.02375e-05
-0.000339044
-0.000319513
-0.00059273
-0.000556396
-0.000634347
-0.00038223
-0.000361834
-0.000235534
-0.000257252
-0.000110015
-0.000134617
-0.000152117
-1.90442e-05
7.95778e-06
0.000149832
0.000123455
0.00024293
0.000274246
0.00025969
0.000241088
0.000167956
0.000199342
0.000128176
9.4909e-05
1.19642e-05
0.000150332
3.47383e-05
5.99395e-05
7.93555e-05
6.73753e-05
3.01428e-05
-5.87481e-05
-8.27816e-05
-0.000193935
-0.000162816
-0.000238626
-0.000138725
-0.000341232
-0.000316264
-0.000212316
-3.06755e-05
-0.000107913
-0.000177004
-7.13864e-05
-0.000247205
-0.000138307
-0.000282634
-0.000354098
-0.000568045
-0.000487814
-0.000266661
-9.57553e-05
-0.000203023
-0.000152382
3.52117e-05
-3.21174e-05
0.000102475
-2.02198e-05
5.45404e-05
0.000172378
0.00024806
0.000209514
0.000161652
0.000102853
-0.00231615
-0.00333844
-0.00129966
-0.00119267
-0.00221428
-0.00324675
-0.00224015
-0.00327496
-0.00240863
-0.00121322
-0.0014077
-0.000684444
-0.000667792
-0.00117751
-0.000429271
-0.000395729
-0.000653916
-0.000173005
-0.00013935
-0.000168181
-0.000416095
-0.000428614
-0.000686862
-0.000171349
-0.000201984
-0.000452912
-0.000704797
-0.000787297
-0.00129268
-0.00091392
-0.00053472
-0.000594925
-0.000845084
-0.000669622
-0.000345794
-0.000425295
-0.000283682
-0.000484298
-0.000234169
-0.000736103
-7.09047e-05
-8.32852e-05
-0.000208729
-0.000110832
6.04556e-05
3.20978e-05
8.48138e-05
0.000212384
0.000187758
0.000337302
0.000312083
0.000286704
0.000163112
0.000139826
2.63315e-06
0.000261651
0.000230699
0.000109099
-3.12704e-05
-0.000136556
-0.000160983
-0.000259109
-0.000191436
-0.000314684
-6.66336e-05
-0.000102375
-0.000222705
-0.000182479
3.48635e-05
-1.31372e-05
-0.000143099
-5.97512e-05
0.000121307
7.98127e-05
0.000160966
7.71235e-05
0.000199724
0.000479563
0.00040297
0.000281096
0.000240511
0.000200811
0.000362328
0.000321843
0.000647303
0.000728091
0.000538443
0.000790577
0.000588703
0.000841277
0.000619488
0.000872982
0.000635361
0.000893613
0.000377157
0.000368314
0.000219213
0.000346987
0.000243478
0.000119784
9.30884e-05
-4.97693e-05
-0.000177867
-3.05583e-05
-3.21289e-05
0.000120772
-0.000172602
-3.28192e-05
0.000119413
0.000247991
0.000249201
0.000378419
0.000254859
0.000381715
0.000258032
0.000383802
0.000137929
0.000132254
-4.20079e-06
-0.000142255
3.19621e-06
-3.03683e-05
0.000119444
-0.000163297
-3.23964e-05
0.000120519
0.000248615
0.000247978
0.000377155
0.000377756
0.00063613
0.000639287
0.000896188
0.000894165
0.000608424
0.000866501
0.000354215
0.000323574
0.000576597
0.00083641
0.000531358
0.000788763
0.000470282
0.000723699
0.000221863
0.000280101
0.000180393
0.000304664
0.000199171
4.81959e-05
7.51156e-05
2.31864e-05
0.000156423
0.000131633
0.00025298
9.99803e-05
-4.17948e-05
-5.54998e-06
-0.00014281
-0.00011744
-0.000169717
-0.000292148
-0.000266021
-0.000241525
-9.97363e-05
-0.000222314
-7.29303e-05
-0.000204373
-6.66269e-05
-0.000192665
-3.55242e-05
-0.000171553
8.55846e-05
0.000107553
0.000216291
0.00034397
0.000229133
0.00024916
0.000121712
0.000376615
-3.14841e-05
-0.000171982
-0.000428354
-0.000460752
-0.000715682
-0.00068651
-0.00122385
-0.000794274
-0.000542118
-0.000494949
-0.000748667
-0.000604113
-0.000354688
-0.000666234
-0.000417578
-0.000916479
-0.000854033
-0.00141682
-0.000243237
-0.000488123
-0.000164236
-0.000284406
-3.87554e-05
9.42774e-06
-0.000124189
-8.47877e-05
-0.000207881
5.66173e-05
9.15925e-05
-4.96414e-05
-0.000173762
-0.000109179
-0.000230733
-0.000200208
-0.000323608
-7.66291e-05
3.14404e-05
6.68137e-05
0.000191446
0.000161504
-4.8307e-06
0.000129844
-0.000139553
0.000214254
0.000249224
0.000337907
0.000371397
0.000408299
0.000283994
0.000658004
0.00058793
0.000259283
0.000508694
0.000179799
0.000300459
0.00013992
0.000100026
0.000221643
0.000387167
0.000245891
0.000373531
0.000119348
0.000138911
0.000261016
0.000192561
0.00044025
0.000504508
0.000596141
0.000260782
0.000357005
6.81112e-05
0.000100975
0.000222699
-7.57195e-05
-3.80391e-05
1.87285e-05
0.000143721
0.000190843
0.000309829
0.00023844
7.16227e-05
0.000121196
-0.000113935
-6.40224e-05
-1.15162e-05
-0.000183669
-0.000138064
-0.000231283
-0.000162098
-0.000278944
-0.000199634
-0.000322759
-0.000229653
-0.000353593
-0.000259518
-0.000384259
-0.00013688
-0.000108184
3.22261e-05
0.000162744
2.24958e-06
-2.88042e-05
-0.000161557
-0.000639234
-0.000568579
-0.000617524
-0.000586137
-0.00035828
-0.000287227
-0.000258336
-0.000382156
-0.000137244
-0.000105663
-0.000230851
-0.000218673
-0.000342908
-9.41475e-05
-6.58224e-05
-0.000195515
-0.000323207
-0.000323116
-0.000586485
-0.0001946
-0.000322972
-5.92913e-05
-6.00804e-05
-0.000194811
-0.000194693
-0.000323018
-5.95286e-05
-6.3583e-05
-0.000194681
-0.000322714
-0.000531059
-0.0004694
-0.00035495
-0.000247733
-0.000177638
-7.18368e-05
-0.000276414
-0.000181684
-9.6155e-05
1.48063e-05
1.25075e-05
0.000114722
0.000121752
0.000203813
-7.79501e-05
4.70856e-05
-0.000253226
-0.000145817
-2.52248e-05
-0.000201731
-8.46924e-05
-0.000318054
-0.00035504
-0.000215802
-0.000343672
-9.21118e-05
-0.000110139
-0.000237245
-0.000254214
-0.000278242
-0.000145757
-0.000147834
-0.000164994
-0.000152976
-0.000244239
-0.000122691
-0.000371766
1.5448e-05
5.39141e-05
0.000147765
0.000178914
-1.58488e-05
0.000132012
-1.70058e-05
-1.96296e-05
0.000133252
0.000133201
0.000389867
0.000389241
0.00042568
0.000275448
0.000506722
0.000104655
0.000219768
0.000161288
0.000225562
0.000334465
0.000298691
0.00040332
0.000621929
0.000568708
0.000761547
0.000751087
0.0009336
0.000587395
0.000386143
0.000204028
0.000295524
0.000302515
0.000231348
0.000126624
5.41916e-05
0.000169203
0.00045674
0.00133453
0.00108297
0.00156255
0.00134642
0.00121812
0.00103605
0.00170726
0.00149712
0.00142181
0.00233442
0.00092621
0.000905845
0.0014346
0.00050481
0.00096099
0.000923171
0.00123321
0.00163614
0.00145757
0.00172277
0.00117554
0.00111869
0.00163419
0.00122237
0.000604168
0.000703696
0.00152138
0.00135431
0.00187453
0.00140777
0.00146638
0.00193503
0.000965785
0.000839283
0.000593791
0.000847226
0.000697851
0.000582466
0.000328186
0.000347015
0.000147291
0.000395661
-1.86027e-05
6.19821e-05
0.000130691
-6.14906e-05
8.02391e-05
0.00020365
0.000191523
0.000232345
0.000320353
0.00024399
0.000365304
0.000282354
0.000405747
0.000160473
0.000125155
-9.08555e-06
3.04913e-05
5.7653e-05
0.000187897
8.1972e-05
0.000205561
0.000457074
0.000711359
0.00065101
0.000894971
0.000455488
0.00096692
0.000225804
0.00048451
9.70069e-05
0.000226007
9.57662e-05
9.70286e-05
0.000225311
7.84914e-05
0.000202665
0.000164673
0.000410889
5.8339e-05
0.000190622
3.626e-05
-2.15313e-06
0.000135487
0.00101706
0.000353306
0.000869251
0.000218315
0.000412908
0.000320558
0.000219255
0.000309811
0.000144527
3.49005e-05
0.000128847
2.49501e-05
0.000129106
-8.43987e-05
-0.000127101
-2.65718e-05
9.87216e-05
0.000258419
0.000444982
7.39824e-05
0.000166227
-2.83681e-05
9.41698e-05
0.000168643
0.000312426
0.000448316
0.000623251
0.00101965
0.00135289
0.000776756
0.000994488
0.00123521
0.00134673
0.0014009
0.000886154
0.00106714
0.000838264
0.000863857
0.000610986
0.000629839
0.000585128
0.000331812
0.000359675
0.000376101
0.000501439
0.000360146
0.000611056
0.00013823
0.000239962
0.000212765
0.000342069
8.01396e-05
0.000100573
0.000223471
0.000349167
0.000409861
0.00065973
0.000489652
0.000163187
0.000258433
0.00025479
0.000133325
0.00028552
0.000378767
-4.45247e-05
-2.86555e-06
-0.000155318
-0.000141166
-0.00010199
3.51534e-05
8.70257e-05
0.000203005
0.000145077
-4.45515e-05
2.34813e-05
-0.000219533
-0.000162552
-0.000105924
-0.000276549
-0.000219507
-0.000339215
-0.000258498
-0.000334769
-0.000191222
-0.000213311
-5.8509e-05
-8.44916e-05
8.45344e-05
7.1786e-05
0.000108574
-4.97561e-05
-3.43075e-05
0.00010456
0.000236075
0.000234286
0.000252286
0.000365639
0.000336134
0.000209435
0.000204803
0.000310026
0.000185688
5.97573e-05
0.000167621
3.29939e-05
0.000291241
0.000266602
0.000143215
0.000238975
0.000117707
-2.1992e-05
6.68062e-06
-0.000131097
-0.000113568
-0.000155944
-0.000279547
-0.000254728
-0.000235887
-8.67676e-05
-0.000215897
-0.000488489
-0.000440202
-0.000531724
-0.000645186
-0.000337481
-0.000586971
-0.000802795
-0.000654889
-0.000897664
-0.00041047
-0.000247959
-0.000288809
-0.000370302
-0.000128504
-0.000169919
-9.11226e-05
-0.000213632
-0.000183401
-0.000306221
-5.78482e-05
8.52898e-05
5.06651e-05
0.000208393
0.000175203
0.000135298
4.47258e-06
-4.93252e-05
8.59404e-05
0.000252103
0.00020454
0.000296099
0.000417907
0.000370284
0.000323737
0.000657074
0.00055719
0.000737454
0.000487511
0.000542322
0.000794943
0.00084134
0.000634693
0.00077798
0.000420501
0.000481597
0.000276801
0.000669966
0.000468509
0.00030542
0.000270806
0.000113439
0.000213048
0.000124785
0.000214274
2.47432e-05
-8.49086e-05
2.4066e-05
0.000124742
0.000199436
9.98196e-05
0.000173021
-1.72561e-05
6.58876e-05
1.4464e-05
-0.000104053
-8.37668e-05
-0.000175787
-0.000265847
-0.000177327
-0.00045843
-0.00030681
-0.00013176
-0.000202435
-0.000236238
-5.88185e-05
-0.000166122
2.56888e-05
-9.72365e-05
9.82693e-05
-3.2724e-05
0.000207504
0.000138262
0.00024255
0.000349456
0.000313952
0.000269022
0.000154989
3.44648e-05
-9.96616e-05
-0.000217643
-0.000152643
-0.000266483
-0.000208988
-0.000271366
-0.000382072
-0.000324428
-0.000612608
-0.000502876
-0.001072
-0.000878448
-0.00112354
-0.00052115
-0.000664477
-0.000735104
-0.000813234
-0.00118165
-0.00106693
-0.00154787
-0.00119173
-0.000469996
-0.000886228
-0.000448525
-0.000630683
-0.000630702
-0.00026674
-0.000109472
-0.000314968
-8.82159e-05
-0.0001911
-0.00017516
-1.73504e-06
9.55507e-05
-2.63127e-05
0.000190862
0.000164985
5.74779e-05
-6.71105e-05
-0.000139591
-0.000208197
-0.000243593
-0.000179164
-0.000409454
-0.000528977
-0.000671472
-0.000755025
-0.000640015
-0.000294009
-0.000525262
-0.000236716
-0.000351847
-0.000294078
-0.000123544
-6.39432e-05
-0.000179699
-0.000123039
-0.000238468
3.07071e-06
6.41186e-05
-7.41429e-05
-0.000192533
-0.000429731
-9.81432e-05
-0.000334992
-0.000168556
-0.000287105
-0.000215814
-0.000123246
-0.000237066
7.15604e-06
-4.75051e-05
8.79513e-05
3.59817e-05
0.000137414
0.000257257
0.00020754
0.000158889
-1.91665e-05
0.0001129
-0.000146222
0.000229072
0.000183281
0.000349819
0.000298958
0.000399118
0.000278685
0.000244095
0.000171694
0.000423862
0.000533676
0.000183996
0.000411789
0.00012789
0.000240987
6.86065e-05
3.01765e-06
0.000128047
0.000235204
0.000299032
0.000341522
0.000627994
0.000658577
0.000658549
0.000832165
0.000449189
0.000403975
0.000699891
0.000542949
0.000204348
0.000155772
0.000138429
0.000395555
1.18991e-05
4.04615e-05
0.000146292
-1.08989e-05
-0.000153025
-0.000127115
-0.00010131
-0.000250609
-0.000221092
-0.000381819
-0.000346549
-0.000407436
-0.000276656
-0.000374326
-0.000121833
-0.000145281
-7.62183e-06
2.32953e-05
0.000138201
4.22859e-05
0.000174393
-9.91624e-05
-4.82522e-05
8.5949e-05
0.000141073
0.000254791
0.000199956
1.93014e-05
-0.000106829
-0.00016832
-0.00020471
-0.000274354
-0.000333945
-0.000219454
-0.000248116
-0.000295709
-0.000352173
-0.000177467
-0.00023011
-0.000118425
-0.000233207
-0.000165086
-5.07363e-05
7.71619e-05
2.83065e-06
0.000187444
-5.94651e-05
-0.000116369
-0.000160671
-0.000191676
-0.000316077
-0.000281531
-0.000364905
-0.000212111
-0.000235277
-0.00034118
-0.000243497
-0.000378487
-0.000243723
-0.000365135
-0.000265884
-0.000260417
-0.000211798
-0.00031398
-0.000240901
-0.000334715
-0.000139389
-6.25206e-05
-0.000155236
-0.000224064
-0.000294636
-0.000180821
-0.000120476
-2.04814e-06
-5.86524e-05
8.1224e-05
0.000201394
0.00012375
7.94906e-05
0.000186947
0.000294292
0.000248247
0.000154322
-4.47899e-05
4.23307e-05
6.36976e-05
0.000144945
0.000155453
0.00016484
0.000123045
0.000206062
0.000188461
6.81701e-05
-1.33864e-05
-6.60666e-05
-0.000185927
-0.000139644
4.38016e-05
-9.38582e-05
0.000102984
-3.23359e-05
0.00014941
3.74151e-05
0.000148804
0.000103978
3.66049e-05
0.000103395
-3.06804e-05
-9.59546e-05
-0.000153916
-2.83942e-05
0.000113987
0.000153242
3.6867e-05
-9.52835e-05
-0.000152319
-3.20811e-05
-9.52953e-05
-0.000152347
-0.000208742
-0.000266154
-0.000381319
-0.000496566
-0.00020874
-0.00032373
-0.000266157
-0.000611927
-0.000841626
-0.000957854
-0.000727179
-0.00118789
-0.000710561
-0.000377024
-0.000612251
-0.000470869
-0.000209035
-0.000324186
-0.000257011
-0.000572916
-0.000811876
-0.000907633
-0.000668667
-0.00110138
-0.00138623
-0.0015778
-0.00211152
-0.00253568
-0.00141593
-0.00185547
-0.00165001
-0.00299556
-0.00384624
-0.00442306
-0.00348779
-0.00289995
-0.00203203
-0.00294724
-0.00199016
-0.00133191
-0.00179354
-0.00160143
-0.00270884
-0.00369191
-0.00174982
-0.00222693
-0.00312171
-0.00405737
-0.00352806
-0.00138562
-0.00206871
-0.00283326
-0.00280094
-0.00134463
-0.00133905
-0.000974247
-0.00170388
-0.0017068
-0.000979772
-0.000609479
-0.000618601
-0.00042683
-0.000791698
-0.000819208
-0.000663897
-0.000457804
-0.000260841
-0.000305089
-0.000103347
-0.000156059
7.35519e-05
-0.000367906
-0.000510393
-0.000822279
-0.00108244
-0.00107799
-0.000599288
-0.00127516
-0.00156666
-0.000265308
-0.000506303
-2.385e-05
-0.000131899
-0.000364222
0.000120888
-1.14283e-05
-0.000249106
0.000217992
0.000343717
0.000227279
0.000459948
0.000788513
0.000572526
0.000430598
0.000324297
0.000251899
0.00014877
0.000174723
0.000352876
0.000276927
0.000635687
0.000481528
0.00120249
0.000873646
0.00156778
0.00123822
0.000844889
0.000508755
0.00115438
0.000731009
0.00043582
0.000484094
0.000644136
0.000281395
0.000677429
0.000319283
0.000122574
0.000143032
0.000215265
3.2881e-05
0.00023584
0.00014546
5.01906e-05
-6.02843e-05
-6.11625e-05
-0.000154936
-0.000154973
-0.000244903
-6.11546e-05
4.97711e-05
0.000145467
0.000235122
4.97719e-05
0.000145452
0.000235123
0.000326235
0.000508623
0.000690867
0.000680631
0.000322214
0.000144851
0.000235709
4.99823e-05
3.73006e-05
-5.99995e-05
0.000122459
0.00021828
9.98497e-05
0.000200507
1.51588e-05
-1.66635e-05
-8.36558e-05
-0.000178334
-0.000157852
-0.000244332
-0.000337006
-0.000336029
-0.000154985
-0.000244898
-6.11546e-05
-0.000154973
-0.000244899
-0.000336018
-0.000336021
-0.000427149
-0.000609485
-0.000791856
-0.000791615
-0.000426677
-0.000621863
-0.000244144
-0.000336024
-0.000338849
-0.000160783
-0.00026398
-8.58575e-05
1.92745e-05
-9.95951e-05
-0.000177051
-0.000293939
-0.000454245
-0.000711607
-0.00101919
-0.00157737
-0.000428438
-0.000874296
-0.00113985
-0.00132291
-0.000629209
-0.00109143
-0.00052844
-0.000398174
-0.000747837
-0.000648655
-0.000297523
-0.000177371
-0.000126845
-6.83663e-05
-0.000240921
-0.000186162
-7.99982e-05
-1.92237e-06
6.42232e-05
0.000118555
0.000180844
0.000224453
0.000292699
0.00016198
4.85975e-05
-3.0076e-05
-0.000143457
9.19596e-05
1.1893e-05
-0.000108039
-0.000211801
-0.000253721
-0.0003181
-0.000362776
-0.000353526
-0.000568018
-0.000505678
-0.000150505
-7.10837e-05
-0.00017681
-0.000249182
-0.000282802
4.84778e-05
0.000128089
0.000152976
0.000229998
8.35965e-05
-4.17553e-05
-0.000116579
-0.000220655
-0.000198484
-7.20254e-06
0.000102889
0.000186197
0.000204754
0.000364494
0.000258126
0.000330478
0.000587749
0.000373696
0.000302775
0.00019634
0.000267231
0.000511295
0.000864649
0.000640906
0.000411029
0.000765604
0.000540398
0.000986761
0.00121838
0.00074442
0.000642678
0.000409617
0.000309143
0.000506142
0.000267232
0.00017357
0.000237815
0.000292167
0.000124022
0.000355977
0.000191614
7.17695e-05
0.000138671
1.59582e-05
8.08305e-05
-5.19246e-05
0.00019413
0.000251995
0.000236768
0.000302238
0.000127138
0.000352528
1.12556e-05
-0.000112357
-0.000225714
-0.000284614
-0.000341056
-0.000169026
-0.000282974
-0.000113518
-6.60908e-05
-0.000183169
-0.000230619
-0.000415081
-0.000516399
-0.000893171
-0.000320532
-0.000558426
-0.000654588
-0.000799008
-0.00047331
-0.000717715
-0.000229322
-0.000155133
-0.000109791
-0.000271909
-3.18096e-05
2.5931e-05
-8.37886e-05
-0.000201289
-0.000249098
-0.000368348
-0.000298092
-0.00013126
-2.53701e-06
5.15615e-05
0.00022041
0.000103433
0.000150781
0.000314708
0.000193594
7.1912e-05
0.000233275
0.0001141
0.000355002
0.000432158
0.00018485
0.000153719
2.35908e-05
-2.13831e-05
6.06455e-05
-7.87573e-05
-0.000116388
-0.000149646
-6.78049e-05
-0.000189588
-0.000393237
-0.000642332
-0.000322833
-0.00057176
-0.000237558
-0.000200209
-0.000360573
-0.000270043
-4.05284e-05
-0.000169099
-4.05562e-06
-0.000138596
-0.000260722
-0.000291658
-0.00051164
-0.000214379
-0.00011366
-8.72836e-05
-0.000236021
3.00865e-05
5.91532e-05
0.000162118
0.000185733
0.000284572
0.000309817
0.000253597
0.000132035
0.000101417
0.00022215
0.000502697
0.000561623
0.000925599
0.00106487
0.000599575
0.000680355
0.000840726
0.00141415
0.00156488
0.00209444
0.00122112
0.00143875
0.00169235
0.00187519
0.00141179
0.00187729
0.00164789
0.000950332
0.000604433
0.000834989
0.000373664
0.000501732
0.000720221
0.000824371
0.00029983
0.000459564
0.000660696
0.000641857
0.000277034
0.000478647
9.84945e-05
0.000120361
1.42804e-05
0.000200292
3.64066e-05
-8.51246e-05
0.000148018
0.000217395
0.00020138
8.713e-05
0.000258294
0.000316314
-4.4127e-05
-0.00015692
-0.000331824
-0.000261699
-0.000360968
-0.000279384
-0.000180101
-0.000104354
-1.1419e-05
-0.000203056
-0.000107869
-0.000462063
-0.000256179
-0.000612637
-0.000737722
-0.000498342
-0.000396941
-0.000327121
-0.000220717
-0.000151006
-0.000112608
-4.11156e-05
-0.000283144
-0.000166802
-0.000259731
-0.000212082
-9.59366e-05
-4.43077e-05
-0.000140368
-9.69253e-06
3.88411e-05
9.26237e-05
1.56001e-05
0.000139296
8.31679e-05
0.000195002
0.000153448
0.000258081
0.000222703
0.000329486
0.000121813
4.34337e-05
-8.03207e-05
-0.000180499
1.08419e-05
9.68543e-05
0.000196644
0.000186335
0.000543917
0.000686137
0.000771285
0.000900669
0.000425239
0.000661524
0.000327248
0.000163693
0.000209261
0.00012471
0.000245494
0.000284043
0.000493893
0.000568916
0.000994026
0.00114049
0.0013485
0.00119899
0.00160787
0.0015541
0.00115597
0.00120667
0.000690444
0.000648504
0.000605335
0.000353346
0.000395961
0.000373419
0.000247288
0.000228692
0.000269332
0.0001432
0.000124409
0.000105427
0.000206988
7.90875e-05
0.000332986
-6.71114e-05
-4.30148e-05
-0.000175013
-0.000192697
-0.000423309
-0.000145464
-0.000392559
-1.40133e-05
-3.78332e-06
-0.000151639
0.00015418
2.27941e-05
0.000176003
3.77298e-05
-0.000116415
-0.000119255
-0.000245547
-0.000267883
-0.000373987
-0.000244858
-0.000373874
-0.000116839
-0.000245047
-0.000374002
-0.000245047
-0.000374002
-0.000116838
3.63788e-05
3.63795e-05
0.000175618
0.00017553
0.000427922
0.000432449
0.000680031
0.000690433
0.000432449
0.000690842
0.000432551
0.000175528
0.00017553
0.00017553
3.63795e-05
3.63795e-05
-0.000116838
-0.000116838
-0.000245047
-0.000374002
-0.000245047
-0.000374002
-0.000116838
-0.000245047
-0.000374002
-0.000245047
-0.000374002
-0.000116838
3.63795e-05
3.63795e-05
0.00017553
0.000176516
3.67948e-05
0.000165899
3.40823e-05
-0.000115707
-0.000116824
-0.000245035
-0.000373993
-0.000244155
-0.00037333
-0.000149908
-0.00040447
1.87204e-06
-5.46389e-06
-0.000135041
0.000143943
0.000135773
0.000413229
0.000382155
0.000666407
0.000634934
0.001207
0.00114689
0.000909835
0.00104672
0.000794733
0.000905436
0.0004056
0.000545835
0.000596738
0.000345039
0.000295425
0.000319749
0.000195783
0.000220405
0.000171737
4.04582e-05
6.99481e-05
9.78882e-05
0.00023874
0.000111572
0.000366141
0.000257387
-3.50849e-05
-4.82058e-05
-0.000182424
-0.000164827
-0.000436286
-0.000225923
-0.000476689
-7.68265e-05
-0.000103242
-0.000201233
1.10535e-05
-0.000127391
-2.63558e-05
-0.000157108
-0.000279052
-0.000250577
-0.00052805
-0.000344867
-0.000590946
-0.00018686
-0.000223311
-0.000309987
-6.19532e-05
-0.00010434
7.88774e-05
3.24022e-05
0.000199444
0.000159751
0.000235463
0.000113843
0.000144437
0.000266054
0.00048263
0.000371742
0.000249182
0.000281474
0.000128927
0.000209531
8.98604e-05
0.00032902
0.000280362
0.000162358
0.00023267
0.000116671
-1.53937e-05
4.0608e-05
-9.41675e-05
-4.90647e-05
-0.000143077
-0.000259818
-0.000213029
-0.000173589
-8.09656e-06
-0.000142442
-0.000419384
-0.000668741
-0.000497844
-0.000741922
-0.0003549
-0.000593332
-0.000832601
-0.000692712
-0.000456761
-0.000119053
-0.000217826
-0.000188898
-0.000235105
-0.0003069
-7.06587e-05
6.73915e-05
8.18774e-06
0.000186862
0.000133218
8.71915e-05
-5.02714e-05
-0.000172498
-0.000103528
2.57782e-05
0.000206682
0.000150712
0.000251326
0.000366605
0.000289533
0.00018932
0.000246439
0.000131737
0.000191327
7.27287e-05
0.000311115
0.000363899
0.000550556
0.000474401
0.00056633
0.000654862
0.0007688
0.000321717
8.72094e-05
0.000201735
0.000431849
8.79642e-05
0.000145669
0.000259586
2.11036e-05
-4.32464e-05
2.38709e-05
-0.000105494
0.00014543
-4.4035e-05
-0.000162149
-0.000102502
-0.000218408
-0.000147926
-0.000264733
-2.61883e-05
3.37334e-05
0.000158108
0.000202743
0.000273846
0.000216135
0.000103093
4.06693e-05
-9.06319e-05
0.000159544
0.000102274
-2.70119e-05
-0.000147956
-0.000261661
-0.000204224
-0.000318854
-0.000376825
-0.000253897
-0.000491958
-0.000362199
-0.000592428
-0.000189695
-0.000304191
-0.000135891
-0.000246398
-0.000132124
-7.42234e-05
-9.3309e-06
-9.01813e-05
4.56551e-05
-0.00020479
0.000171164
0.000215948
0.000273945
0.000335592
0.000179279
0.000121966
5.821e-05
-3.81466e-05
-6.81205e-05
6.59063e-05
8.95686e-06
0.000144242
-0.000124972
-0.00015459
-1.28802e-05
0.00013668
0.00039445
0.000446354
0.000647966
0.00056091
0.0003935
0.000184424
0.000136399
0.000431608
9.23684e-05
5.87853e-05
0.000214698
-5.06957e-05
-8.44257e-05
-0.000116561
2.23267e-05
0.000153195
-1.00366e-05
-0.000147546
-0.000156611
-1.17187e-05
-0.000155658
-1.13836e-05
0.000137538
0.00013753
0.000394153
-1.14057e-05
0.000137543
-0.000155986
-0.000412393
-0.000403633
-0.000670768
-0.000646626
-0.00064326
-0.00039375
-0.000237935
-0.000269469
-0.000361956
-0.000330947
-0.000207264
-0.000177335
-0.000299198
-0.000580525
-0.000560883
-0.000550914
-0.000302922
-0.000358881
-0.000242015
-0.000278628
-0.000184973
-0.000283405
-0.0001572
-0.00021371
-0.000320019
-0.000677422
-0.000490717
-0.000707994
-0.000854563
-0.00158369
-0.00128479
-0.0017462
-0.00153015
-0.00106609
-0.000838734
-0.000607145
-0.000504688
-0.000391334
-0.00073759
-0.00062182
-0.0013141
-0.00108893
-0.00246538
-0.00202091
-0.00398651
-0.00215534
-0.000797919
-0.0018245
-0.00138985
-0.000405846
-0.000867609
-0.000298842
-0.000276747
-0.000516125
-0.000176514
-5.67535e-05
-0.00029255
-0.000102479
-0.000332363
-0.00056295
-0.000462617
-0.000678215
-0.0010143
-0.00113965
-0.005046
-0.00644999
-0.0067243
-0.00387849
-0.00247571
-0.00299993
-0.00204239
-0.00300212
-0.00339812
-0.004967
-0.00249865
-0.00170435
-0.00148153
-0.00269832
-0.00137166
-0.00120718
-0.00185944
-0.00156675
-0.00107184
-0.00157303
-0.00097271
-0.000898495
-0.00141099
-0.00088997
-0.00140594
-0.000631909
-0.000631986
-0.000889915
-0.00064426
-0.000631986
-0.00088997
-0.000631986
-0.00088997
-0.000631575
-0.000657965
-0.00091119
-0.000889676
-0.00141992
-0.00140594
-0.00244567
-0.00243788
-0.00451048
-0.00286318
-0.00159085
-0.00188547
-0.00259975
-0.000980993
-0.0010907
-0.00148829
-0.00123257
-0.0017302
-0.00140659
-0.00229331
-0.00323113
-0.00284085
-0.00368507
-0.00504751
-0.00553761